ENSMUSG00000028180	0	2	4	14	18	20	22
ENSMUSG00000033860	0	2	4	6	16	22
ENSMUSG00000030881	0	2	8	14
ENSMUSG00000033863	2	4	6	8	10	22
ENSMUSG00000055401	0	2	4	6	8	20	22
ENSMUSG00000025261	6	8	10	12	14
ENSMUSG00000067787	0	2	4	16	18	20
ENSMUSG00000035498	0	2	4	16	18	20	22
ENSMUSG00000030357	0	2	14	16	18	20	22
ENSMUSG00000043067	0	12	14	16	18	20	22
ENSMUSG00000026542	14	16
ENSMUSG00000022051	4	6	8	10	12	14	16
ENSMUSG00000028716	0	2	8	20	22
ENSMUSG00000020069	0	2	4	8	18	20	22
ENSMUSG00000031700	8	10	12	14	16	18	20	22
ENSMUSG00000026031	0	2	8	12	14	16
ENSMUSG00000049555	0	14	16	18	20	22
ENSMUSG00000022353	8	10	12	14	16	18
ENSMUSG00000022358	2	4	6	8	12	22
ENSMUSG00000024590	0	2	6	10	18	20	22
ENSMUSG00000056724	0	2	18	20	22
ENSMUSG00000016528	0	2	6	16	22
ENSMUSG00000016520	0	2	4	16	18	20	22
ENSMUSG00000031549	0	2	16	18	20	22
ENSMUSG00000038145	8	10	12	14	16	18	20
ENSMUSG00000019889	0	2	4	6	8	10	22
ENSMUSG00000021500	4	6	8	10	12
ENSMUSG00000005107	6	8	10	12	14
ENSMUSG00000015357	0	2	4	6	20	22
ENSMUSG00000040483	2	4	6	8	10	22
ENSMUSG00000036078	0	2	4	18	20	22
ENSMUSG00000002346	0	2	4	6	8	10	18	20	22
ENSMUSG00000022789	0	2	4	14	16	18	20
ENSMUSG00000073988	10	12	14	16	22
ENSMUSG00000029817	0	2	14	16	18	20	22
ENSMUSG00000034371	12	14	16	18	20
ENSMUSG00000050777	14	16	18	20	22
ENSMUSG00000041920	0	2	4	6	14	16
ENSMUSG00000053333	4	6	8	10	12
ENSMUSG00000037003	4	6	8	10	12
ENSMUSG00000023087	10	12	14	16	18
ENSMUSG00000030788	0	2	4	6	8	20	22
ENSMUSG00000033781	0	2	4	6	18	20	22
ENSMUSG00000030256	6	8	10	12	14
ENSMUSG00000030257	0	2	4	18	20	22
ENSMUSG00000031788	0	2	16	18	20	22
ENSMUSG00000034575	0	12	14	16
ENSMUSG00000021178	0	2	4	6	8	10
ENSMUSG00000024042	12	14	16	18	20	22
ENSMUSG00000000120	0	2	4	6	20	22
ENSMUSG00000002844	0	2	4	6	18	20	22
ENSMUSG00000002845	0	2	8	12	14	16
ENSMUSG00000041220	12	14	16	18
ENSMUSG00000044749	8	10	12	14	16
ENSMUSG00000040170	12	14	16	18	20	22
ENSMUSG00000026179	0	2	4	18	20	22
ENSMUSG00000075703	0	2	4	6	18	20	22
ENSMUSG00000005951	8	10	12	14	16
ENSMUSG00000026822	14	16
ENSMUSG00000042312	12	14	16	18	20	22
ENSMUSG00000057143	2	4	6	8	20
ENSMUSG00000044252	8	10	12	18	22
ENSMUSG00000003721	0	2	4	6	20	22
ENSMUSG00000017428	0	2	4	6	20	22
ENSMUSG00000032580	0	2	10	14	16	20
ENSMUSG00000000567	0	2	4	16	20	22
ENSMUSG00000041417	0	10	12	14	16	18	20
ENSMUSG00000029131	12	14	16	18	20
ENSMUSG00000062901	2	4	6	8	10	12	22
ENSMUSG00000032051	10	12	14	18	22
ENSMUSG00000039007	4	12	14	16	20	22
ENSMUSG00000053286	0	2	14	16	18	20
ENSMUSG00000029273	14	16	18
ENSMUSG00000005069	0	18	20	22
ENSMUSG00000055912	0	2	18	20	22
ENSMUSG00000062580	4	6	8	10	12	14
ENSMUSG00000038578	10	12	14	16	18	22
ENSMUSG00000039620	0	2	4	6	20	22
ENSMUSG00000026669	8	10	12	18
ENSMUSG00000022620	4	6	8	10	22
ENSMUSG00000026082	8	10	12	14	16	18
ENSMUSG00000003617	4	6	14	16
ENSMUSG00000028957	8	10	12	14	16	18
ENSMUSG00000051495	2	4	6	18	20	22
ENSMUSG00000041845	0	2	4	6	16	22
ENSMUSG00000067279	0	2	18	20	22
ENSMUSG00000047446	2	4	20	22
ENSMUSG00000057137	2	4	6	18	20	22
ENSMUSG00000037580	4	6	8	10	12	14
ENSMUSG00000021036	2	4	14	16
ENSMUSG00000024785	2	4	6	8	10
ENSMUSG00000030870	0	2	14	16	18
ENSMUSG00000030872	14	16	18	20	22
ENSMUSG00000026435	0	2	4	16	18	20	22
ENSMUSG00000026434	12	14	16	18	20
ENSMUSG00000071655	0	2	4	6	22
ENSMUSG00000049488	0	2	4	6	20	22
ENSMUSG00000023944	0	14	16	18	20
ENSMUSG00000064138	4	6	8	10	12	22
ENSMUSG00000026234	10	12	14	16	18
ENSMUSG00000008435	0	8	12	14	16	18
ENSMUSG00000046962	0	2	16	18	20	22
ENSMUSG00000026571	4	6	8	10	12	14
ENSMUSG00000057342	2	4	6	18	20	22
ENSMUSG00000037110	6	8	10	12	14	16
ENSMUSG00000002068	8	10	12	14	16
ENSMUSG00000052395	8	10	12	14	16	22
ENSMUSG00000031431	12	14	16	18	20
ENSMUSG00000025041	8	10	12	14	16
ENSMUSG00000060317	0	16
ENSMUSG00000021748	8	12	14	16	18
ENSMUSG00000031770	10	12	14	16
ENSMUSG00000023073	14	16	18	20
ENSMUSG00000007564	0	2	4	6	8	22
ENSMUSG00000034858	8	12	14	16	18	20
ENSMUSG00000042487	0	2	4	16	18	20	22
ENSMUSG00000001247	0	2	16	18	20	22
ENSMUSG00000020898	0	2	4	6	22
ENSMUSG00000020893	10	12	14	16
ENSMUSG00000023274	0	4	18	20	22
ENSMUSG00000035473	8	12	18	20	22
ENSMUSG00000020288	2	14	16	18	20
ENSMUSG00000006390	0	2	4	16	18	20
ENSMUSG00000058672	0	2	4	18	20	22
ENSMUSG00000030016	0	2	14	16	18
ENSMUSG00000020919	0	2	4	6	22
ENSMUSG00000020917	0	16	18	20	22
ENSMUSG00000043019	0	2	12	14	16
ENSMUSG00000029188	0	2	20
ENSMUSG00000021666	0	2	4	18	20	22
ENSMUSG00000025757	2	14	16	18	20	22
ENSMUSG00000028327	0	2	4	6	8	22
ENSMUSG00000020130	2	4	6	8	10	12	14
ENSMUSG00000044359	0	2	4	6	20	22
ENSMUSG00000034343	14	16	18	20
ENSMUSG00000025511	12	14	16	18	20
ENSMUSG00000053094	0	2	8	12	14	16
ENSMUSG00000020034	2	4	6	8	10	22
ENSMUSG00000020038	0	2	16	18	20	22
ENSMUSG00000022885	2	4	6	8	10
ENSMUSG00000024014	2	4	6	8	10
ENSMUSG00000044147	8	10	12	14	18	20
ENSMUSG00000040648	12	14	16	18
ENSMUSG00000091971	0	12	14	16
ENSMUSG00000020782	0	2	4	6	18	20	22
ENSMUSG00000032009	0	2	4	20	22
ENSMUSG00000021559	0	2	4	18	20	22
ENSMUSG00000039934	4	6	8	10	12
ENSMUSG00000026123	2	4	6	8	20	22
ENSMUSG00000032249	0	2	4	6	18	20	22
ENSMUSG00000024222	12	14	16	18
ENSMUSG00000004043	0	2	4	6	20	22
ENSMUSG00000029106	0	2	4	6	8	10	20	22
ENSMUSG00000020429	2	4	6	22
ENSMUSG00000024421	0	12	14	16	18	20	22
ENSMUSG00000005312	0	2	4	6	18	20
ENSMUSG00000074491	0	4	16	18	20	22
ENSMUSG00000050708	2	4	6	20	22
ENSMUSG00000021922	6	14	16
ENSMUSG00000036613	0	2	4	18	20	22
ENSMUSG00000002524	0	4	6	8	10
ENSMUSG00000038506	0	12	14	16	18	20
ENSMUSG00000037257	0	4	18	20	22
ENSMUSG00000020674	0	2	4	6	20	22
ENSMUSG00000026638	0	2	4	6	18	20	22
ENSMUSG00000078970	0	8	12	14	16	18
ENSMUSG00000040128	0	2	4	18	20	22
ENSMUSG00000021884	0	2	4	18	20	22
ENSMUSG00000020823	0	14	16	18	20
ENSMUSG00000030126	12	14	16	18	20	22
ENSMUSG00000026870	2	4	6	16	18	20	22
ENSMUSG00000024118	12	14	16	18	20
ENSMUSG00000005469	0	2	4	20	22
ENSMUSG00000005483	0	14	16	18
ENSMUSG00000004285	0	2	4	6	8	10
ENSMUSG00000026409	12	14	16
ENSMUSG00000026405	12	14	16
ENSMUSG00000014361	10	12	14	16	18	20
ENSMUSG00000028639	0	14	16	18	20
ENSMUSG00000026249	0	14	16	18	20
ENSMUSG00000059824	8	10	12	14
ENSMUSG00000059552	0	2	4	6	8	22
ENSMUSG00000039671	0	2	4	6	20	22
ENSMUSG00000000303	0	2	4	6	18	20	22
ENSMUSG00000029029	0	2	4	18	20	22
ENSMUSG00000025078	10	12	14	16	18
ENSMUSG00000032812	0	2	4	6	18	20	22
ENSMUSG00000022853	2	6	8	10	22
ENSMUSG00000022858	0	2	14	16	18	20	22
ENSMUSG00000072294	0	2	4	6	8	10	18	22
ENSMUSG00000022383	6	8	10	12	14
ENSMUSG00000022389	8	10	12	14	16	18
ENSMUSG00000028980	0	2	4	6	22
ENSMUSG00000056749	0	2	4	18	20	22
ENSMUSG00000030655	12	14	16
ENSMUSG00000030653	2	4	6	8	22
ENSMUSG00000011831	0	2	4	6	22
ENSMUSG00000024735	2	4	6	8	22
ENSMUSG00000026773	8	10	12	14	16
ENSMUSG00000003809	8	12	18	20	22
ENSMUSG00000026489	0	2	4	6	18	20	22
ENSMUSG00000034459	2	4	6	8	12
ENSMUSG00000041119	0	2	4	6	8	18	20	22
ENSMUSG00000058620	0	2	6	16	18	20	22
ENSMUSG00000058624	12	14	16	18	20
ENSMUSG00000023495	4	6	8	10
ENSMUSG00000031024	0	2	4	6	18	20	22
ENSMUSG00000025764	6	8	10	12
ENSMUSG00000024966	0	2	14	16	18	20
ENSMUSG00000064367	12	14	16
ENSMUSG00000064360	12	14	16	22
ENSMUSG00000064363	12	14	16	18	20	22
ENSMUSG00000064368	12	14	16	18	22
ENSMUSG00000020923	0	2	4	6	8
ENSMUSG00000021710	10	12	14	16	20
ENSMUSG00000049091	2	4	6	8	12	18	20	22
ENSMUSG00000032898	4	6	8	10	12
ENSMUSG00000020044	8	10	12	14	18	22
ENSMUSG00000054519	2	4	6	8	10
ENSMUSG00000030946	4	6	8	10	12
ENSMUSG00000063146	0	14	18	20	22
ENSMUSG00000031722	6	14	16
ENSMUSG00000024026	0	2	4	6	20	22
ENSMUSG00000025176	6	8	10	12	22
ENSMUSG00000027598	8	10	12	14	16	18
ENSMUSG00000027597	0	10	12	14	16	18	20	22
ENSMUSG00000027048	0	2	4	6	8	22
ENSMUSG00000037606	10	12	14	16	18	20
ENSMUSG00000014599	6	12	14	16	20
ENSMUSG00000035992	4	6	8	10	12
ENSMUSG00000036216	0	2	4	16	18	20	22
ENSMUSG00000022951	12	14	16	18
ENSMUSG00000027204	4	6	8	10	22
ENSMUSG00000006442	12	14	16	18
ENSMUSG00000029290	0	14	16	18	20
ENSMUSG00000044813	6	12	14	16
ENSMUSG00000001138	0	2	4	6	18	20	22
ENSMUSG00000039089	2	12	14	16	18
ENSMUSG00000055319	0	8	10	12	14	16
ENSMUSG00000047735	2	4	6	8	22
ENSMUSG00000028527	10	12	14	16	18	20
ENSMUSG00000053436	12	14	16	18	20
ENSMUSG00000020941	0	2	14	16
ENSMUSG00000019590	6	14	16
ENSMUSG00000025813	8	12	14	16	18
ENSMUSG00000028356	6	14	16	22
ENSMUSG00000028359	14	16	20
ENSMUSG00000024479	0	2	16	18	20	22
ENSMUSG00000039682	0	2	4	6	8	10	18	20	22
ENSMUSG00000034880	0	2	6	18	20	22
ENSMUSG00000021114	10	12	14	16	18	20
ENSMUSG00000021113	0	2	16	18	20
ENSMUSG00000032485	0	2	4	6	8	10	12	22
ENSMUSG00000035686	12	14	16	18	20
ENSMUSG00000020641	0	2	4	6	22
ENSMUSG00000020649	12	14	16	18
ENSMUSG00000004665	0	2	4	6	8	20	22
ENSMUSG00000057363	0	2	14	16	18	20	22
ENSMUSG00000000753	0	2	4	6	18	20	22
ENSMUSG00000056973	0	12	18	20	22
ENSMUSG00000039218	0	2	14	16	18	20
ENSMUSG00000054417	12	14	16	20
ENSMUSG00000037523	0	14	16	18	20
ENSMUSG00000026849	0	10	12	14	18	20
ENSMUSG00000026843	0	4	6	8	10	12
ENSMUSG00000045672	12	14	16	18	20
ENSMUSG00000032724	0	2	4	16	18	20	22
ENSMUSG00000041777	2	4	6	8	10	12	22
ENSMUSG00000041775	2	4	6	20	22
ENSMUSG00000051674	4	6	8	10	12	14
ENSMUSG00000032715	4	6	8	10	12
ENSMUSG00000074272	2	4	6	8	22
ENSMUSG00000014496	10	12	14	16	20	22
ENSMUSG00000052137	0	14	16	18	20	22
ENSMUSG00000025185	0	2	4	22
ENSMUSG00000021400	0	2	4	6	18	20	22
ENSMUSG00000033610	6	8	10	12
ENSMUSG00000006522	10	14	16
ENSMUSG00000040584	8	10	12	14	16	18
ENSMUSG00000056054	16
ENSMUSG00000016619	0	8	10	12	14
ENSMUSG00000038550	8	10	12	14
ENSMUSG00000031451	16	20	22
ENSMUSG00000055065	0	2	4	6	18	20	22
ENSMUSG00000029059	16	18	20	22
ENSMUSG00000029050	0	2	14	16	18	20	22
ENSMUSG00000022550	0	2	4	6	10	22
ENSMUSG00000018427	0	2	4	6	16	18	20	22
ENSMUSG00000001229	0	2	4	6	18	20	22
ENSMUSG00000037204	0	2	4	6	18	20	22
ENSMUSG00000050565	0	2	4	6	8
ENSMUSG00000026077	0	2	4	22
ENSMUSG00000021831	12	14	16	18
ENSMUSG00000002250	0	2	20	22
ENSMUSG00000049470	6	8	10	12	14
ENSMUSG00000039196	14	16
ENSMUSG00000039197	8	12	14	16	18	22
ENSMUSG00000027412	2	4	6	8	10	22
ENSMUSG00000030895	6	14	16
ENSMUSG00000047153	0	2	4	6	18	20	22
ENSMUSG00000034403	0	2	4	6	8	18	20	22
ENSMUSG00000040297	2	12	14	16	18
ENSMUSG00000040296	0	2	4	6	8	20
ENSMUSG00000025270	0	2	4	6	20	22
ENSMUSG00000025271	14	16	18	20	22
ENSMUSG00000070473	0	2	4	6	18	20	22
ENSMUSG00000031924	0	2	4	18	20	22
ENSMUSG00000030342	2	4	6	10	16	22
ENSMUSG00000030341	0	2	4	6	8	16	20
ENSMUSG00000022241	0	2	4	6	20	22
ENSMUSG00000022244	0	4	6	8	10
ENSMUSG00000005625	0	2	4	6	8	10	22
ENSMUSG00000020534	0	8	16	18	20	22
ENSMUSG00000023846	8	10	12	14	16	18
ENSMUSG00000035864	4	6	8	10	12	14
ENSMUSG00000021365	4	6	10	14	16
ENSMUSG00000022828	0	12	14	16	18	22
ENSMUSG00000037415	0	4	6	8	10
ENSMUSG00000027952	0	2	16	18	20	22
ENSMUSG00000031711	0	2	8	10	12	14
ENSMUSG00000026028	8	12	14	16
ENSMUSG00000036120	0	2	4	18	20	22
ENSMUSG00000011305	0	2	14	16	18	20	22
ENSMUSG00000021091	6	14	16
ENSMUSG00000021097	8	10	12	14
ENSMUSG00000022615	0	2	4	6	8	22
ENSMUSG00000038172	6	8	10	12	14
ENSMUSG00000070544	0	12	14	16	18	20
ENSMUSG00000024456	0	2	16	18	20	22
ENSMUSG00000074063	0	2	4	6	22
ENSMUSG00000029328	4	6	8	10	12	14
ENSMUSG00000034480	4	6	8	10	12	14
ENSMUSG00000050445	0	2	4	6	18	20	22
ENSMUSG00000036083	0	2	14	16	18	20
ENSMUSG00000037022	2	16	18	20	22
ENSMUSG00000030031	0	12	14	16	18	20
ENSMUSG00000020935	0	2	6	20
ENSMUSG00000022797	12	14	16	18	20
ENSMUSG00000031078	0	4	6	8	10	16
ENSMUSG00000034647	8	10	12	14	16	18
ENSMUSG00000022425	10	12	14	16	18
ENSMUSG00000036863	8	10	12	14	16	18
ENSMUSG00000033917	12	14	16	18	20
ENSMUSG00000033910	2	4	6	8	10	12	20	22
ENSMUSG00000028307	12	14	16	18
ENSMUSG00000075232	8	10	12	14	16
ENSMUSG00000029826	0	2	4	6	8	10
ENSMUSG00000039768	0	8	10	12	14	18
ENSMUSG00000018143	4	6	8	10	22
ENSMUSG00000040028	0	2	4	6	8
ENSMUSG00000025534	0	12	14	16	18	20	22
ENSMUSG00000025533	12	14	16	18	20	22
ENSMUSG00000047554	0	2	12	14	16	18	20
ENSMUSG00000029776	18	20	22
ENSMUSG00000042289	0	2	4	6	8	10	22
ENSMUSG00000006818	2	18	20	22
ENSMUSG00000005547	8	10	12	14	16	18	20
ENSMUSG00000026694	8	10	12	14
ENSMUSG00000054855	2	4	18	20	22
ENSMUSG00000022125	10	14	16	18	20	22
ENSMUSG00000066364	12	14	16	20
ENSMUSG00000039917	8	10	12	14	16	18
ENSMUSG00000026104	2	4	6	8	10
ENSMUSG00000060862	0	2	12	14	16	18
ENSMUSG00000028412	0	2	4	18	20	22
ENSMUSG00000028410	12	14	16	18
ENSMUSG00000006373	10	12	18	20	22
ENSMUSG00000006378	0	2	4	6	18	20	22
ENSMUSG00000059434	4	6	8	10	12	14	16
ENSMUSG00000057561	0	2	4	14	16	18
ENSMUSG00000031402	8	10	12	14	16	20
ENSMUSG00000029125	0	2	14	16	18	20
ENSMUSG00000028655	10	12	14	16
ENSMUSG00000025153	8	12	14	16	18	20
ENSMUSG00000020381	2	4	6	10	22
ENSMUSG00000031626	0	2	4	6	20	22
ENSMUSG00000075470	0	2	4	18	20	22
ENSMUSG00000045092	0	2	16	18	20
ENSMUSG00000045095	0	2	4	6	8	10	18	20	22
ENSMUSG00000032298	0	2	4	6	18	20	22
ENSMUSG00000041959	0	2	4	6	18	20
ENSMUSG00000057068	12	14	16	18	20
ENSMUSG00000019737	16	18	20
ENSMUSG00000039382	6	8	10	12	14
ENSMUSG00000032383	0	2	16	18	20
ENSMUSG00000032388	0	2	4	6	8	10	22
ENSMUSG00000033161	8	12	14	16	18
ENSMUSG00000026614	0	2	4	6	18	20	22
ENSMUSG00000003949	8	10	12	14	16	18	20
ENSMUSG00000008855	0	2	16	18	20	22
ENSMUSG00000058056	0	2	14	16	18	20
ENSMUSG00000037942	16	18	20
ENSMUSG00000015217	6	8	10	12	14	18	22
ENSMUSG00000029701	0	2	4	6	8	18	20	22
ENSMUSG00000021868	10	12	14	16	18	20	22
ENSMUSG00000039990	0	10	12	14	16
ENSMUSG00000037847	10	12	14	16	18
ENSMUSG00000030102	12	14	16	18
ENSMUSG00000037331	0	2	4	6	18	20	22
ENSMUSG00000028494	0	2	4	6	10	20	22
ENSMUSG00000045193	4	6	8	10	12	22
ENSMUSG00000032198	0	2	4	18	20	22
ENSMUSG00000024792	2	4	6	8	20	22
ENSMUSG00000030847	0	2	14	16	18
ENSMUSG00000040471	0	16	18	20	22
ENSMUSG00000064262	2	4	10	18	20	22
ENSMUSG00000040734	0	2	6	12	14	16
ENSMUSG00000025226	2	6	16	18	20	22
ENSMUSG00000020300	2	4	6	8	22
ENSMUSG00000060904	12	14	16	18
ENSMUSG00000041660	6	8	10	12	14	18
ENSMUSG00000040536	0	2	4	6	20	22
ENSMUSG00000062070	0	12	14	16	18	20	22
ENSMUSG00000029009	0	2	18	20	22
ENSMUSG00000029003	0	2	4	6	20	22
ENSMUSG00000028755	0	2	4	6	16	18	20	22
ENSMUSG00000021771	8	10	12	14	16	18
ENSMUSG00000021775	6	8	10	12	14
ENSMUSG00000022871	12	14	16	20	22
ENSMUSG00000022875	16	22
ENSMUSG00000020368	0	2	4	14	16	18	20
ENSMUSG00000027346	4	6	8	10	12	14
ENSMUSG00000027340	4	6	8	10	12
ENSMUSG00000023048	2	4	6	8	18	20	22
ENSMUSG00000024085	12	14	16	18
ENSMUSG00000040181	12	14	16	18	20	22
ENSMUSG00000031077	0	2	6	8	10	12	20	22
ENSMUSG00000015837	0	2	4	6	22
ENSMUSG00000061313	8	10	12	14	16	18
ENSMUSG00000038406	0	2	6	20
ENSMUSG00000020889	4	6	8	10
ENSMUSG00000031586	0	2	4	6
ENSMUSG00000025935	0	14	16	18	20
ENSMUSG00000025934	0	2	18	20	22
ENSMUSG00000036918	8	10	12
ENSMUSG00000069874	2	4	6	8	10
ENSMUSG00000032114	8	12	14	16	18
ENSMUSG00000034471	6	14	16	18	20
ENSMUSG00000002428	0	2	4	6	8	12	14
ENSMUSG00000010914	6	8	10	12	14	18
ENSMUSG00000047797	2	4	6	8	10	22
ENSMUSG00000063406	10	12	14
ENSMUSG00000037075	12	14	16	18	20
ENSMUSG00000022297	4	6	8	10	12	22
ENSMUSG00000029464	4	6	8	10	12	14	22
ENSMUSG00000074115	14	16
ENSMUSG00000024900	6	8	10	12	14
ENSMUSG00000026502	0	2	4	16	18	20	22
ENSMUSG00000026509	0	2	4	6	18	20	22
ENSMUSG00000006676	0	2	6	8	12
ENSMUSG00000014226	2	14	16	18	20
ENSMUSG00000064345	10	12	14	16	22
ENSMUSG00000064341	12	14	16	18	22
ENSMUSG00000015575	2	6	8	14	16	22
ENSMUSG00000010064	6	8	10	12
ENSMUSG00000025504	0	2	4	6	20	22
ENSMUSG00000017868	4	6	8	10	20	22
ENSMUSG00000025509	6	8	10	12	14
ENSMUSG00000021999	0	14	16
ENSMUSG00000049516	0	10	12	14
ENSMUSG00000040675	10	12	14	16
ENSMUSG00000027068	0	2	4	6	20	22
ENSMUSG00000000876	0	2	4	6	18	20	22
ENSMUSG00000041264	0	12	14	16	20
ENSMUSG00000031502	0	2	4	6	22
ENSMUSG00000066357	0	6	8	10	12
ENSMUSG00000028149	10	12	14	16	18	20
ENSMUSG00000071649	0	2	4	6	20	22
ENSMUSG00000034160	0	2	14	18	20	22
ENSMUSG00000029370	8	10	14	16	18	20
ENSMUSG00000007458	12	14	16	18	20	22
ENSMUSG00000059970	10	12	14	16	20
ENSMUSG00000035780	10	12	14	18	20	22
ENSMUSG00000032786	10	12	14	16
ENSMUSG00000032788	12	14	16	18	20
ENSMUSG00000025981	8	10	12	14	16
ENSMUSG00000084128	0	2	4	6	18	20	22
ENSMUSG00000016487	0	4	6	8	10
ENSMUSG00000045827	0	2	4	6	8	22
ENSMUSG00000037788	0	2	6	10	16
ENSMUSG00000030067	2	4	6	8	10	22
ENSMUSG00000021360	8	10	12	14	16
ENSMUSG00000035540	0	10	14	16
ENSMUSG00000020182	0	2	4	18	20	22
ENSMUSG00000029368	12	16	18	20	22
ENSMUSG00000032010	8	10	12	14	16
ENSMUSG00000024983	4	8	10	12	22
ENSMUSG00000032902	0	2	4	6	16	18	20	22
ENSMUSG00000027184	0	2	4	6	18	20	22
ENSMUSG00000034334	2	4	6	8	10	22
ENSMUSG00000035062	2	4	16	20	22
ENSMUSG00000035069	0	4	18	20	22
ENSMUSG00000030748	0	2	4	6	18	20	22
ENSMUSG00000030747	8	12	14	16	18	20
ENSMUSG00000036591	8	10	12	14	16	18
ENSMUSG00000037242	0	2	4	16	18	20	22
ENSMUSG00000031167	8	10	12	14	16	18
ENSMUSG00000031161	0	4	6	8	10	12	22
ENSMUSG00000021281	0	2	4	6	20	22
ENSMUSG00000021134	2	4	6	8	20	22
ENSMUSG00000029708	0	12	14	16
ENSMUSG00000038299	8	10	12	14	16	18
ENSMUSG00000027397	8	10	12	14	16	18
ENSMUSG00000005514	8	10	12	14	16	18
ENSMUSG00000026623	12	14	16	18	20
ENSMUSG00000006731	0	2	6	8	16	20
ENSMUSG00000045414	0	12	16	18	20
ENSMUSG00000035621	0	2	4	6	8
ENSMUSG00000028035	12	14	16	18
ENSMUSG00000019842	0	2	4	6	18	20	22
ENSMUSG00000036352	8	10	12	14
ENSMUSG00000020277	0	2	16	18	20	22
ENSMUSG00000022814	14	16	18	20
ENSMUSG00000027809	0	2	4	6	8	10	22
ENSMUSG00000026866	0	2	4	6	8	22
ENSMUSG00000029512	4	6	8	10	12	14
ENSMUSG00000024165	0	2	4	6	8	18	20
ENSMUSG00000024164	10	16	22
ENSMUSG00000002963	0	2	4	6	8	20	22
ENSMUSG00000041459	0	2	4	16	18	20	22
ENSMUSG00000052117	4	6	10
ENSMUSG00000026278	0	2	4	6	20	22
ENSMUSG00000029238	0	2	4	6	18	20	22
ENSMUSG00000034917	0	2	4	6	18	20	22
ENSMUSG00000045374	0	2	4	6	8	20	22
ENSMUSG00000024319	0	2	4	6	18	20	22
ENSMUSG00000044026	10	12	14	16	18
ENSMUSG00000000056	8	10	12	14	16
ENSMUSG00000027660	0	14	16	18	20	22
ENSMUSG00000027668	8	10	12	14
ENSMUSG00000056071	14	16
ENSMUSG00000014905	0	2	12	14	16
ENSMUSG00000066026	0	2	4	6	18	20	22
ENSMUSG00000053559	0	2	4	6	20	22
ENSMUSG00000019769	0	2	4	6	20	22
ENSMUSG00000015656	0	12	14	16	18
ENSMUSG00000019763	2	14	16	18	20	22
ENSMUSG00000025006	4	6	8	10	12
ENSMUSG00000032350	0	2	4	6	20	22
ENSMUSG00000032359	12	14	16	18	20	22
ENSMUSG00000005225	12	14	16	18
ENSMUSG00000024661	2	4	6	18	20	22
ENSMUSG00000024665	8	10	12	14
ENSMUSG00000022849	2	4	6	16	18	20
ENSMUSG00000040811	0	2	4	6	8	12	20	22
ENSMUSG00000028991	0	4	6	8	10	12
ENSMUSG00000046761	0	2	4	6	8	20	22
ENSMUSG00000078619	2	12	14	16	18	20
ENSMUSG00000098892	0	2	4	6	8	20	22
ENSMUSG00000030660	12	14	16	18
ENSMUSG00000063704	0	2	4	6	20	22
ENSMUSG00000020743	0	16	18	20	22
ENSMUSG00000020741	0	2	4	6	22
ENSMUSG00000033871	6	8	10	12
ENSMUSG00000028240	12	14	16	18	20	22
ENSMUSG00000034617	0	12	14	16	18	20	22
ENSMUSG00000025898	0	4	6	8	10	22
ENSMUSG00000021591	12	14	16	18	20
ENSMUSG00000034429	2	4	6	22
ENSMUSG00000002957	0	2	16	18	20	22
ENSMUSG00000056144	0	2	4	6	10	22
ENSMUSG00000036752	0	2	4	6	18	20
ENSMUSG00000068876	0	2	4	6	18	20	22
ENSMUSG00000031016	8	10	12	14	16	18
ENSMUSG00000021629	12	14	16	18
ENSMUSG00000006641	8	10	12	14
ENSMUSG00000064370	12	14	16	18	20	22
ENSMUSG00000030972	8	10	12	14
ENSMUSG00000071551	10	12	14	16	18	22
ENSMUSG00000024589	0	2	4	6	16	18	20	22
ENSMUSG00000041550	14	16	18	20
ENSMUSG00000027580	0	2	4	6	20
ENSMUSG00000027589	2	4	6	8	10	22
ENSMUSG00000057465	14	16
ENSMUSG00000002147	2	4	6	8
ENSMUSG00000038150	0	16	18	20	22
ENSMUSG00000029664	0	2	4	6	20	22
ENSMUSG00000024773	4	6	8	10	12
ENSMUSG00000059923	2	4	6	16	18	20	22
ENSMUSG00000042524	0	2	4	6	8	10	12
ENSMUSG00000001123	0	2	4	6	8	22
ENSMUSG00000051375	0	2	4	6	8
ENSMUSG00000055866	12	14	16	18	20
ENSMUSG00000021336	0	2	4	6	8	22
ENSMUSG00000024780	2	14	18	20
ENSMUSG00000052435	2	4	6	8	20	22
ENSMUSG00000021497	0	16	18	20	22
ENSMUSG00000005681	8	10	18	20	22
ENSMUSG00000047963	8	10	12	14	16
ENSMUSG00000034308	0	2	4	6	8	20	22
ENSMUSG00000074768	0	2	6	18	22
ENSMUSG00000079494	0	14	16	18	20	22
ENSMUSG00000041930	0	2	18	20	22
ENSMUSG00000032261	0	4	6	8	10
ENSMUSG00000052632	0	2	4	6	20	22
ENSMUSG00000054588	0	2	4	6	8	10
ENSMUSG00000021969	4	6	10	12	14	16
ENSMUSG00000019139	14	16
ENSMUSG00000038095	8	10	12	14	16
ENSMUSG00000030244	8	10	12	14	16	18
ENSMUSG00000029759	2	4	16	18	20	22
ENSMUSG00000024052	8	10	12	18	22
ENSMUSG00000027502	0	6	8	10	18	22
ENSMUSG00000027774	2	12	14	16	18	20	22
ENSMUSG00000026365	14	16
ENSMUSG00000054517	2	14	16	18	20	22
ENSMUSG00000022108	2	4	12	16	18	20	22
ENSMUSG00000038754	0	2	4	20	22
ENSMUSG00000026839	8	10	12	14
ENSMUSG00000029385	0	2	4	18	20	22
ENSMUSG00000046338	0	2	4	6	8	22
ENSMUSG00000006356	0	2	4	6	16	18	20	22
ENSMUSG00000032285	14	16	18	20
ENSMUSG00000008604	0	2	14	16	18	20
ENSMUSG00000000555	0	2	16	18	20	22
ENSMUSG00000015143	6	8	10	12	14
ENSMUSG00000038366	0	2	4	6	18	20	22
ENSMUSG00000028671	0	2	4	18	20	22
ENSMUSG00000025178	0	2	4	6	20	22
ENSMUSG00000019996	0	2	4	6	10	22
ENSMUSG00000030556	12	14	16	18
ENSMUSG00000030555	12	14	16	18	20
ENSMUSG00000005846	8	10	12	14	16
ENSMUSG00000034926	0	10	12	14	16	18
ENSMUSG00000040599	0	12	14	16
ENSMUSG00000018846	10	12	14	16	18	20	22
ENSMUSG00000021270	0	2	14	16	18	20
ENSMUSG00000069045	4	6	8	10	12	14
ENSMUSG00000020634	10	14	16	18
ENSMUSG00000020638	0	2	4	6	20	22
ENSMUSG00000018932	10	12	14	16	18	20
ENSMUSG00000033105	16	18	20	22
ENSMUSG00000033107	0	2	4	20	22
ENSMUSG00000026670	0	2	12	14	16
ENSMUSG00000047843	6	8	10	12	14
ENSMUSG00000059811	10	12	14	16	18
ENSMUSG00000084883	0	2	16	18	20
ENSMUSG00000037826	0	2	4	6	10	20	22
ENSMUSG00000037824	0	2	4	6	16	20	22
ENSMUSG00000032754	4	6	8	10	22
ENSMUSG00000020774	12	14	18	20	22
ENSMUSG00000028212	10	12	14	16	18
ENSMUSG00000024843	0	2	4	6	20	22
ENSMUSG00000034412	6	8	12	14	16
ENSMUSG00000019916	0	2	14	16	18	20
ENSMUSG00000019917	4	6	10	16
ENSMUSG00000036764	6	16
ENSMUSG00000026202	0	2	4	6	20
ENSMUSG00000030083	0	2	4	6	8	10	12
ENSMUSG00000030089	6	8	10	12	14	16
ENSMUSG00000038656	12	14	16	18	20	22
ENSMUSG00000026977	2	4	6	8	10	12	22
ENSMUSG00000026970	4	6	8	10	12
ENSMUSG00000006014	14	16
ENSMUSG00000025724	12	14	16	18	20
ENSMUSG00000021814	6	8	10	12	14	16
ENSMUSG00000027610	6	8	10	12	14	16
ENSMUSG00000026566	0	2	4	6	20	22
ENSMUSG00000038244	0	2	4	6	16	18	20	22
ENSMUSG00000009905	10	12	14	16
ENSMUSG00000052040	6	8	10	12	14	18
ENSMUSG00000028088	12	14	16	18	20
ENSMUSG00000021751	0	2	4	6	20	22
ENSMUSG00000039804	0	2	14	16	18	20	22
ENSMUSG00000027947	12	14	16	18
ENSMUSG00000031762	14	16
ENSMUSG00000031765	14	16
ENSMUSG00000026019	0	10	12	14	16	18
ENSMUSG00000046794	0	12	14	16	18	20
ENSMUSG00000027007	0	12	14	16
ENSMUSG00000066687	12	14	16	22
ENSMUSG00000038422	0	18	20
ENSMUSG00000001774	2	14	16	18	20
ENSMUSG00000055116	0	2	4	18	20	22
ENSMUSG00000029657	0	2	14	16	18
ENSMUSG00000060538	0	12	14	16	18	20	22
ENSMUSG00000069825	0	2	4	6	10	22
ENSMUSG00000042510	0	10	12	14	16
ENSMUSG00000002409	0	2	4	6	8	10
ENSMUSG00000078566	8	10	12	14	16	18
ENSMUSG00000016942	0	2	12	18	20	22
ENSMUSG00000005125	0	2	4	6	22
ENSMUSG00000063428	14	16	18	20	22
ENSMUSG00000018068	2	12	14	16	18	20
ENSMUSG00000020085	10	12	14	16	18	20
ENSMUSG00000048581	2	4	20	22
ENSMUSG00000028826	10	12	14	16	18
ENSMUSG00000028820	0	12	14	16	18
ENSMUSG00000020123	0	2	4	6	16	20	22
ENSMUSG00000024927	0	2	4	6	8	20
ENSMUSG00000024926	2	4	6	8	16	20	22
ENSMUSG00000024921	12	14	16	18	20
ENSMUSG00000029833	10	12	14	16
ENSMUSG00000041058	0	12	14	16	18	20
ENSMUSG00000010047	0	4	6	8	10
ENSMUSG00000056091	12	14	16	18
ENSMUSG00000018387	0	12	14	16	18	20
ENSMUSG00000029763	0	2	4	6	8	10	12
ENSMUSG00000045775	12	14	16	18
ENSMUSG00000068039	12	14	16	18	20
ENSMUSG00000040659	10	12	14	16	18
ENSMUSG00000026687	2	8	10	12	18	22
ENSMUSG00000015890	0	2	4	6	8	10	22
ENSMUSG00000000791	8	10	12	14
ENSMUSG00000056429	0	2	4	6	22
ENSMUSG00000028163	0	2	4	6	8	20
ENSMUSG00000022912	10	12	14	16
ENSMUSG00000070284	2	8	12	14	16	18
ENSMUSG00000054455	0	14	16	18	20	22
ENSMUSG00000003228	0	2	4	20	22
ENSMUSG00000029352	4	6	8	16
ENSMUSG00000028402	4	6	8	10	12	22
ENSMUSG00000024188	0	12	14	16	18
ENSMUSG00000050103	12	14	16	18	20	22
ENSMUSG00000009566	0	2	4	6	18	20	22
ENSMUSG00000001630	10	16	18	20
ENSMUSG00000028641	0	2	12	14	16	18
ENSMUSG00000027167	0	2	4	6	20	22
ENSMUSG00000003585	0	2	18	20	22
ENSMUSG00000029250	12	14	16	18	20
ENSMUSG00000046667	0	14	16	18	20	22
ENSMUSG00000045319	0	2	16	18	20	22
ENSMUSG00000042485	2	4	6	10	16	20	22
ENSMUSG00000040093	6	8	10	12	18	22
ENSMUSG00000051043	4	6	8	10
ENSMUSG00000030762	0	2	4	18	20	22
ENSMUSG00000037260	12	14	16	22
ENSMUSG00000039395	0	2	4	6	18	20	22
ENSMUSG00000022516	0	2	4	6	8	10
ENSMUSG00000022517	6	8	10	12
ENSMUSG00000022512	0	2	4	6	18	20	22
ENSMUSG00000025199	4	8	10	12	14
ENSMUSG00000048930	0	2	4	6	18	20	22
ENSMUSG00000026603	0	12	14	18	20	22
ENSMUSG00000004626	0	4	6	8	10	12
ENSMUSG00000006715	8	10	12	14
ENSMUSG00000021871	0	2	16	18	20	22
ENSMUSG00000027823	2	8	10	12	14	16
ENSMUSG00000026888	0	2	4	6	8	10
ENSMUSG00000026880	0	2	4	6	22
ENSMUSG00000039456	10	12	14	16
ENSMUSG00000021054	0	2	14	16	20	22
ENSMUSG00000053846	8	10	12	14
ENSMUSG00000045639	4	6	8	10	20	22
ENSMUSG00000024812	0	2	4	6	18	20	22
ENSMUSG00000007670	0	2	4	6	8
ENSMUSG00000064254	0	2	4	6	20	22
ENSMUSG00000021620	6	8	10	12	14
ENSMUSG00000041471	12	14	16	18
ENSMUSG00000023963	14	16	18	20	22
ENSMUSG00000026259	8	10	12	14	20
ENSMUSG00000023150	12	14	16	18	20
ENSMUSG00000071478	4	10	12	14	16
ENSMUSG00000026922	0	2	16	18	20	22
ENSMUSG00000022201	0	2	14	16	18	20	22
ENSMUSG00000043702	0	2	12	14	16	18	20
ENSMUSG00000047638	8	12	14	16	18	20
ENSMUSG00000020572	10	12	14	16	18
ENSMUSG00000028766	12	14	16	18	20
ENSMUSG00000038894	2	4	6	8	22
ENSMUSG00000022865	0	2	4	16	18	20	22
ENSMUSG00000022863	0	12	14	16
ENSMUSG00000023055	0	4	6	8	10	12	22
ENSMUSG00000009647	0	2	4	6	8	20	22
ENSMUSG00000009646	0	2	4	6	20	22
ENSMUSG00000069539	0	12	14	16	18	20
ENSMUSG00000045216	0	6	8	12	14	16
ENSMUSG00000032475	0	14	16	18
ENSMUSG00000030104	2	4	14	16	18	20
ENSMUSG00000041827	0	2	4	8	18	20
ENSMUSG00000037697	0	2	4	6	16	20	22
ENSMUSG00000038418	2	4	22
ENSMUSG00000031594	6	14	16
ENSMUSG00000031596	4	6	8	10	12	22
ENSMUSG00000022651	16
ENSMUSG00000042622	6	8	10	12
ENSMUSG00000028261	12	14	16	18	20
ENSMUSG00000043998	0	2	8	12	14	16	18
ENSMUSG00000026768	0	2	4	6	8	10	22
ENSMUSG00000059248	0	2	4	6	18	20	22
ENSMUSG00000003299	0	2	4	6	18	20	22
ENSMUSG00000008035	8	12	14	16	18	20
ENSMUSG00000038991	12	14	16	18	20
ENSMUSG00000052712	0	2	4	6	8	22
ENSMUSG00000031969	0	2	4	6	8	10	22
ENSMUSG00000031381	0	2	12	14	16
ENSMUSG00000056820	0	4	8	10	12	22
ENSMUSG00000028878	8	10	12	14
ENSMUSG00000032607	0	2	4	6	8	22
ENSMUSG00000032606	0	2	4	6	20	22
ENSMUSG00000032601	0	2	14	16	18	20	22
ENSMUSG00000020111	2	4	6	8	10	22
ENSMUSG00000024913	0	2	4	6	20	22
ENSMUSG00000030737	0	2	16	18	20	22
ENSMUSG00000003623	0	2	4	6	22
ENSMUSG00000064358	12	14	16	18	22
ENSMUSG00000064351	12	14	16	18	22
ENSMUSG00000064354	12	14	16	18	22
ENSMUSG00000064356	0	10	12	14	16
ENSMUSG00000064357	12	14	16	18	20	22
ENSMUSG00000014791	0	4	6	8	10	12
ENSMUSG00000021215	0	2	4	6	16	18	20	22
ENSMUSG00000022098	0	2	16	18	20	22
ENSMUSG00000039145	0	2	4	6	8	20	22
ENSMUSG00000023805	8	10	12	14	16
ENSMUSG00000003421	2	4	6	8	10	12
ENSMUSG00000024039	0	2	4	6	8	10	22
ENSMUSG00000020072	4	6	8	10	12
ENSMUSG00000053897	0	2	4	6	8	20	22
ENSMUSG00000036986	0	2	4	6	8	20	22
ENSMUSG00000028150	14	16	18	20	22
ENSMUSG00000051359	0	2	4	6	8	22
ENSMUSG00000010760	0	14	16	20
ENSMUSG00000011382	0	8	10	12	22
ENSMUSG00000038301	12	14	16
ENSMUSG00000020190	10	12	14	16	18
ENSMUSG00000028343	12	14	16	18	20
ENSMUSG00000005373	0	2	4	6	8	20	22
ENSMUSG00000072623	0	2	12	14
ENSMUSG00000034329	4	6	10	12	14
ENSMUSG00000004846	0	14	16	18	20
ENSMUSG00000055531	0	10	12	14	16	18
ENSMUSG00000047514	0	2	4	6	22
ENSMUSG00000016028	0	2	16	18	20	22
ENSMUSG00000021900	0	2	4	6	16	18	20	22
ENSMUSG00000038520	0	2	4	6	8	10	12
ENSMUSG00000038526	0	2	4	16	18	20	22
ENSMUSG00000036585	14	16	18	20	22
ENSMUSG00000049580	12	14	16	18
ENSMUSG00000027997	2	4	6	8	10
ENSMUSG00000027993	0	2	4	6	16	18	20	22
ENSMUSG00000003464	0	8	10	12	22
ENSMUSG00000027562	0	16	22
ENSMUSG00000026389	0	2	4	6	20	22
ENSMUSG00000050390	0	4	6	8	10	12
ENSMUSG00000054894	4	6	8	10	12
ENSMUSG00000034667	12	14	16	18
ENSMUSG00000019877	4	6	12	14	16
ENSMUSG00000090877	0	12	14	16
ENSMUSG00000033416	0	2	4	18	20	22
ENSMUSG00000038773	2	4	6	8	10	12	22
ENSMUSG00000042363	0	2	16	18	20	22
ENSMUSG00000027488	0	14	16	18	20	22
ENSMUSG00000024827	0	2	4	6	18	20	22
ENSMUSG00000043962	0	2	4	6	8	10	12	22
ENSMUSG00000064225	0	2	4	18	20	22
ENSMUSG00000037712	0	2	4	6	16	18	20	22
ENSMUSG00000015165	0	4	6	8	10	12
ENSMUSG00000000538	4	6	8	10
ENSMUSG00000057880	0	2	4	6	8	22
ENSMUSG00000028618	12	14	16	18	20	22
ENSMUSG00000025192	0	2	12	14	16	18
ENSMUSG00000025194	8	10	12	14
ENSMUSG00000031668	0	2	8	12	14	16
ENSMUSG00000069733	0	2	4	6	20	22
ENSMUSG00000024325	0	2	4	6	8	10	20	22
ENSMUSG00000041992	10	12	14	16	18	20	22
ENSMUSG00000055128	12	14	16	18	20
ENSMUSG00000061540	14	16
ENSMUSG00000010609	0	2	4	6	20	22
ENSMUSG00000037103	4	6	8	10	22
ENSMUSG00000039616	0	2	4	6	20	22
ENSMUSG00000021218	10	12	14	16	18
ENSMUSG00000028790	0	6	8	10	12
ENSMUSG00000028792	8	10	12	14	18
ENSMUSG00000028796	0	2	6	8	18	22
ENSMUSG00000038224	0	2	4	6	8	16	22
ENSMUSG00000025017	4	6	8	10	12
ENSMUSG00000037921	2	4	6	8	10	12
ENSMUSG00000045973	12	14	16	22
ENSMUSG00000002748	0	12	14	16	18	20
ENSMUSG00000002741	8	10	12	14	18
ENSMUSG00000052557	0	6	10	16
ENSMUSG00000013150	0	2	6	18	20	22
ENSMUSG00000021824	8	10	12	14	16
ENSMUSG00000021823	0	2	6	18	20	22
ENSMUSG00000037379	0	2	4	6	20	22
ENSMUSG00000037370	10	12	14	16	18
ENSMUSG00000036957	0	2	4	6	18	20	22
